0000010000030000500000
0000040000820000206827
0000050000690000125413
0000070000480000215384
0000110000740000286283
0000120000910000327883
0000130000630000390337
0000140000400000165910
0000150000600000270487
0000180000410000366243
0000200001030000358611
0000230000170000126864
0000240000760000360038
0000270000700000010178
0000420000940000248237
0000430000310000276562
0000480000180000101168
0000520000120000037985
0000550000470000498855
0000570000150000205417
0000590000080000402222
0000740000120000180931
0000790000930000316323
0000850000400000439863
0000890000450000374644
0000900000570000151034
0000910001000000054486
0000940000290000367879
0001010000230000430928
0001080000860000035645
0001100000850000421880
0001170000450000024224
0001210000860000081638
0001220000920000299891
0001230000850000167206
0001240001000000248792
0001290000760000498027
0001320000200000089400
0001340000890000100950
0001350000860000319502
0001400000930000455746
0001410000190000499979
0001420000690000019058
0001450000230000360606
0001540001050000486435
0001630000620000176153
0001650000370000393621
0001680000220000281137
0001690000820000315507
0001720000810000019753
0001780000850000359527
0001820000210000420451
0001870000530000258196
0001900000250000107743
0001920000100000241046
0001970000380000097621
0002010000340000292072
0002030000670000243390
0002060000310000069090
0002080000870000313057
0002120000840000228280
0002150000700000240065
0002160000810000207753
0002220001020000285765
0002240000080000180971
0002250000100000041862
0002280000580000182147
0002300000070000287758
0002330000740000121913
0002360000510000206792
0002470000360000215958
0002480000290000205350
0002490000300000420438
0002560000600000488930
0002570000980000201698
0002580001000000179315
0002600000780000008615
0002650000720000197994
0002660000880000049275
0002740000070000457793
0002770001020000421560
0002870000130000091614
0002920000610000461013
0002940001030000258785
0002960000530000497988
0002980001020000337195
0003000000870000023892
0003010000470000192117
0003030000810000201794
0003040000390000029672
0003080000300000157011
0003090000620000120592
0003100000860000119640
0003110000070000206714
0003150000760000173858
0003160000860000093353
0003170000780000257879
0003200001020000456188
0003220000390000016815
0003250000140000406773
0003270000440000036097
0003280000290000255635
0003360000220000241990
0003430000280000083849
0003470000240000341261
0003480000460000138719
0003490000250000328216
0003500000390000243944
0003510000110000192014
0003520001020000019769
0003530000320000394641
0003540000300000436376
0003550000720000277751
0003570000420000263597
0003610000460000042061
0003710000720000060589
0003750000780000460906
0003780000100000492201
0003850000420000189576
0003860000850000320391
0003890000930000295261
0003900000100000379431
0003910000290000046201
0003940000950000228459
0003970000950000051654
0003980000790000291492
0003990000510000225331
0004000000570000057682
0004080000840000405747
0004090000260000241821
0004110001020000320071
0004150000690000432857
0004160000760000207910
0004230000200000106304
0004310000410000217862
0004340000940000354564
0004360000100000317619
0004380000090000443707
0004480000570000320654
0004500000590000464930
0004520000970000192107
0004530000250000497288
0004560000890000064004
0004570000650000194828
0004610000780000159273
0004620000510000110560
0004630001060000337481
0004650000340000160881
0004700000360000066820
0004720000960000012761
0004730000800000235698
0004800000090000227829
0004820000480000360645
0004850000330000069971
0004870000450000295545
0004900000750000181647
0004930001030000367468
0004980000860000110057
0005000000100000447954
0005020000810000208807
