000001
000004
000005
000007
000011
000012
000013
000014
000015
000018
000020
000023
000024
000027
000042
000043
000048
000052
000055
000057
000059
000074
000079
000085
000089
000090
000091
000094
000101
000108
000110
000117
000121
000122
000123
000124
000129
000132
000134
000135
000140
000141
000142
000145
000154
000163
000165
000168
000169
000172
000178
000182
000187
000190
000192
000197
000201
000203
000206
000208
000212
000215
000216
000222
000224
000225
000228
000230
000233
000236
000247
000248
000249
000256
000257
000258
000260
000265
000266
000274
000277
000287
000292
000294
000296
000298
000300
000301
000303
000304
000308
000309
000310
000311
000315
000316
000317
000320
000322
000325
000327
000328
000336
000343
000347
000348
000349
000350
000351
000352
000353
000354
000355
000357
000361
000371
000375
000378
000385
000386
000389
000390
000391
000394
000397
000398
000399
000400
000408
000409
000411
000415
000416
000423
000431
000434
000436
000438
000448
000450
000452
000453
000456
000457
000461
000462
000463
000465
000470
000472
000473
000480
000482
000485
000487
000490
000493
000498
000500
000502
